CO2 Gurvich,1991 pt1 p27 pt2 p24.
3 g 9/99 C 1.00O 2.00 0.00 0.00 0.00 0 44.0095000 -393510.000
200.000 1000.000 7 -2.0 -1.0 0.0 1.0 2.0 3.0 4.0 0.0 9365.469
4.943650540e+04 -6.264116010e+02 5.301725240e+00 2.503813816e-03 -2.127308728e-07
-7.689988780e-10 2.849677801e-13 -4.528198460e+04-7.048279440e+00
1000.000 6000.000 7 -2.0 -1.0 0.0 1.0 2.0 3.0 4.0 0.0 9365.469
1.176962419e+05 -1.788791477e+03 8.291523190e+00-9.223156780e-05 4.863676880e-09
-1.891053312e-12 6.330036590e-16 -3.908350590e+04 -2.652669281e+01
6000.000 20000.000 7 -2.0 -1.0 0.0 1.0 2.0 3.0 4.0 0.0 9365.469
-1.544423287e+09 1.016847056e+06 -2.561405230e+02 3.369401080e-02 -2.181184337e-06
6.991420840e-11 -8.842351500e-16 -8.043214510e+06 2.254177493e+03