He Ref-Elm. Moore,1971. Moore,1970a. Gordon,1999.
3 g 5/97 HE 1.00 0.00 0.00 0.00 0.00 0 4.0026020 0.000
200.000 1000.000 7 -2.0 -1.0 0.0 1.0 2.0 3.0 4.0 0.0 6197.428
0.000000000e+00 0.000000000e+00 2.500000000e+00 0.000000000e+00 0.000000000e+00
0.000000000e+00 0.000000000e+00 -7.453750000e+02 9.287239740e-01
1000.000 6000.000 7 -2.0 -1.0 0.0 1.0 2.0 3.0 4.0 0.0 6197.428
0.000000000e+00 0.000000000e+00 2.500000000e+00 0.000000000e+00 0.000000000e+00
0.000000000e+00 0.000000000e+00 -7.453750000e+02 9.287239740e-01
6000.000 20000.000 7 -2.0 -1.0 0.0 1.0 2.0 3.0 4.0 0.0 6197.428
3.396845420e+06 -2.194037652e+03 3.080231878e+00 -8.068957550e-05 6.252784910e-09
-2.574990067e-13 4.429960218e-18 1.650518960e+04 -4.048814390e+00